structure(list(x = c(0, 0, 0, 0, 0, 0, 0, 0, 0, 0, 0, 0, 0, 0, 
0, 0, 0, 0, 0, 0, 0, 0, 0, 0, 0, 0, 0, 0, 0, 0, 0, 0, 0, 0, 0, 
0, 0, 0, 0, 0, 0, 0, 0, 0, 0, 0, 0, 0, 0, 0, 0, 0, 0, 0, 0, 0, 
0, 0, 0, 0, 0, 0, 0, 0, 0, 0, 0, 0, 0, 0, 0, 0, 0, 0, 0, 0, 0, 
0, 0, 0, 0, 0, 0, 0, 0, 0, 0, 0, 0, 0, 0, 0, 0, 0, 0, 0, 0, 0, 
0, 0, 0, 0, 0, 0, 0, 0, 0, 0, 0, 0, 0, 0, 0, 0, 0, 0, 0, 0, 0, 
0, 0, 0, 0, 0, 0, 0, 0, 0.00138312586445367, 0.00138312586445367, 
0.00138312586445367, 0.00138312586445367, 0.00138312586445367, 
0.00138312586445367, 0.00138312586445367, 0.00138312586445367, 
0.00138312586445367, 0.00138312586445367, 0.00138312586445367, 
0.00138312586445367, 0.00138312586445367, 0.00138312586445367, 
0.00138312586445367, 0.00138312586445367, 0.00138312586445367, 
0.00138312586445367, 0.00138312586445367, 0.00138312586445367, 
0.00138312586445367, 0.00138312586445367, 0.00138312586445367, 
0.00138312586445367, 0.00138312586445367, 0.00138312586445367, 
0.00138312586445367, 0.00138312586445367, 0.00138312586445367, 
0.00138312586445367, 0.00138312586445367, 0.00138312586445367, 
0.00138312586445367, 0.00138312586445367, 0.00138312586445367, 
0.00138312586445367, 0.00138312586445367, 0.00138312586445367, 
0.00138312586445367, 0.00138312586445367, 0.00138312586445367, 
0.00138312586445367, 0.00138312586445367, 0.00276625172890733, 
0.00276625172890733, 0.004149377593361, 0.004149377593361, 0.00691562932226833, 
0.00691562932226833, 0.00691562932226833, 0.00691562932226833, 
0.00691562932226833, 0.00691562932226833, 0.00691562932226833, 
0.00691562932226833, 0.00691562932226833, 0.00691562932226833, 
0.00968188105117566, 0.00968188105117566, 0.0110650069156293, 
0.0110650069156293, 0.0110650069156293, 0.0110650069156293, 0.0110650069156293, 
0.0110650069156293, 0.0110650069156293, 0.012448132780083, 0.012448132780083, 
0.012448132780083, 0.012448132780083, 0.012448132780083, 0.012448132780083, 
0.012448132780083, 0.012448132780083, 0.012448132780083, 0.012448132780083, 
0.012448132780083, 0.012448132780083, 0.0138312586445367, 0.0152143845089903, 
0.0152143845089903, 0.0152143845089903, 0.0152143845089903, 0.016597510373444, 
0.016597510373444, 0.0179806362378976, 0.0179806362378976, 0.0179806362378976, 
0.0179806362378976, 0.0179806362378976, 0.0179806362378976, 0.020746887966805, 
0.020746887966805, 0.020746887966805, 0.0235131396957123, 0.0235131396957123, 
0.0235131396957123, 0.024896265560166, 0.024896265560166, 0.024896265560166, 
0.0262793914246196, 0.0262793914246196, 0.0262793914246196, 0.0262793914246196, 
0.0262793914246196, 0.0262793914246196, 0.0262793914246196, 0.0262793914246196, 
0.0262793914246196, 0.0276625172890733, 0.0276625172890733, 0.0304287690179806, 
0.0304287690179806, 0.0304287690179806, 0.0304287690179806, 0.0304287690179806, 
0.0304287690179806, 0.0318118948824343, 0.0318118948824343, 0.0318118948824343, 
0.0318118948824343, 0.0318118948824343, 0.033195020746888, 0.033195020746888, 
0.033195020746888, 0.033195020746888, 0.033195020746888, 0.033195020746888, 
0.033195020746888, 0.033195020746888, 0.033195020746888, 0.033195020746888, 
0.033195020746888, 0.033195020746888, 0.033195020746888, 0.033195020746888, 
0.033195020746888, 0.033195020746888, 0.033195020746888, 0.033195020746888, 
0.033195020746888, 0.033195020746888, 0.033195020746888, 0.033195020746888, 
0.033195020746888, 0.033195020746888, 0.0345781466113416, 0.0345781466113416, 
0.0345781466113416, 0.0345781466113416, 0.0345781466113416, 0.0345781466113416, 
0.0345781466113416, 0.0345781466113416, 0.0345781466113416, 0.0345781466113416, 
0.0345781466113416, 0.0345781466113416, 0.0345781466113416, 0.0345781466113416, 
0.0345781466113416, 0.0345781466113416, 0.0345781466113416, 0.0345781466113416, 
0.0345781466113416, 0.0345781466113416, 0.0345781466113416, 0.0345781466113416, 
0.0345781466113416, 0.0345781466113416, 0.0345781466113416, 0.0345781466113416, 
0.0345781466113416, 0.0345781466113416, 0.0345781466113416, 0.0345781466113416, 
0.0345781466113416, 0.0345781466113416, 0.0359612724757953, 0.0359612724757953, 
0.0359612724757953, 0.0359612724757953, 0.0359612724757953, 0.0359612724757953, 
0.0359612724757953, 0.0359612724757953, 0.0359612724757953, 0.0359612724757953, 
0.0359612724757953, 0.0359612724757953, 0.0359612724757953, 0.0359612724757953, 
0.0359612724757953, 0.0359612724757953, 0.0359612724757953, 0.0359612724757953, 
0.0359612724757953, 0.0359612724757953, 0.0359612724757953, 0.0359612724757953, 
0.0359612724757953, 0.0359612724757953, 0.0359612724757953, 0.0359612724757953, 
0.0359612724757953, 0.0359612724757953, 0.0359612724757953, 0.0359612724757953, 
0.0359612724757953, 0.0359612724757953, 0.0359612724757953, 0.0359612724757953, 
0.0359612724757953, 0.0359612724757953, 0.037344398340249, 0.037344398340249, 
0.037344398340249, 0.037344398340249, 0.0387275242047026, 0.0387275242047026, 
0.0401106500691563, 0.0401106500691563, 0.04149377593361, 0.0442600276625173, 
0.0442600276625173, 0.045643153526971, 0.045643153526971, 0.045643153526971, 
0.045643153526971, 0.045643153526971, 0.0470262793914246, 0.0484094052558783, 
0.0484094052558783, 0.0484094052558783, 0.0484094052558783, 0.0484094052558783, 
0.0484094052558783, 0.0484094052558783, 0.0484094052558783, 0.0484094052558783, 
0.0484094052558783, 0.0484094052558783, 0.0484094052558783, 0.0484094052558783, 
0.0484094052558783, 0.0484094052558783, 0.0497925311203319, 0.0511756569847856, 
0.0511756569847856, 0.0525587828492393, 0.0525587828492393, 0.0525587828492393, 
0.0525587828492393, 0.0525587828492393, 0.0525587828492393, 0.0525587828492393, 
0.0525587828492393, 0.0525587828492393, 0.0525587828492393, 0.0553250345781466, 
0.0553250345781466, 0.0553250345781466, 0.0553250345781466, 0.0567081604426003, 
0.0567081604426003, 0.0567081604426003, 0.0567081604426003, 0.0567081604426003, 
0.0580912863070539, 0.0580912863070539, 0.0580912863070539, 0.0580912863070539, 
0.0580912863070539, 0.0580912863070539, 0.0580912863070539, 0.0580912863070539, 
0.0580912863070539, 0.0580912863070539, 0.0580912863070539, 0.0580912863070539, 
0.0594744121715076, 0.0594744121715076, 0.0594744121715076, 0.0594744121715076, 
0.0594744121715076, 0.0594744121715076, 0.0594744121715076, 0.0594744121715076, 
0.0594744121715076, 0.0594744121715076, 0.0594744121715076, 0.0594744121715076, 
0.0594744121715076, 0.0594744121715076, 0.0594744121715076, 0.0594744121715076, 
0.0594744121715076, 0.0594744121715076, 0.0608575380359613, 0.0608575380359613, 
0.0608575380359613, 0.0608575380359613, 0.0608575380359613, 0.0608575380359613, 
0.0636237897648686, 0.0636237897648686, 0.0650069156293223, 0.0650069156293223, 
0.0650069156293223, 0.0650069156293223, 0.0650069156293223, 0.0650069156293223, 
0.0650069156293223, 0.0650069156293223, 0.0650069156293223, 0.0650069156293223, 
0.0650069156293223, 0.0650069156293223, 0.0650069156293223, 0.0650069156293223, 
0.0650069156293223, 0.0650069156293223, 0.0650069156293223, 0.0650069156293223, 
0.0663900414937759, 0.0663900414937759, 0.0691562932226833, 0.0705394190871369, 
0.0733056708160443, 0.0746887966804979, 0.0760719225449516, 0.0760719225449516, 
0.0760719225449516, 0.0774550484094053, 0.0788381742738589, 0.0816044260027663, 
0.0816044260027663, 0.0816044260027663, 0.0829875518672199, 0.0829875518672199, 
0.0829875518672199, 0.0829875518672199, 0.0843706777316736, 0.0871369294605809, 
0.0885200553250346, 0.0885200553250346, 0.0899031811894882, 0.0899031811894882, 
0.0899031811894882, 0.0912863070539419, 0.0912863070539419, 0.0926694329183956, 
0.0940525587828492, 0.0954356846473029, 0.0954356846473029, 0.102351313969571, 
0.103734439834025, 0.105117565698479, 0.106500691562932, 0.107883817427386, 
0.10926694329184, 0.110650069156293, 0.113416320885201, 0.117565698478562, 
0.123098201936376, 0.125864453665284, 0.128630705394191, 0.131396957123098, 
0.131396957123098, 0.134163208852006, 0.134163208852006, 0.135546334716459, 
